caseid,task,start:timestamp,time:timestamp,role,st_wip,st_tsk_wip,queue
1,Turning & Milling,2012-03-13 01:14:50,2012-03-13 05:31:42,Role 1,12,1.649190439475713,0
2,Rework Milling,2012-03-13 02:18:49,2012-03-13 06:42:38,SYSTEM,13,1,0
3,Turning & Milling,2012-03-13 03:21:17,2012-03-13 07:15:28,Role 1,14,2.649190439475713,0
5,Turning & Milling,2012-03-13 06:08:38,2012-03-13 09:53:23,Role 1,16,2.649190439475713,0
4,Turning,2012-03-13 05:45:01,2012-03-13 09:55:53,SYSTEM,15,1,0
1,Turning & Milling Q.C.,2012-03-13 09:16:33,2012-03-13 12:00:01,Role 3,14,1.174248265227448,0
6,Change Version,2012-03-13 07:58:19,2012-03-13 12:01:28,SYSTEM,17,1,0
7,Turning & Milling,2012-03-13 08:30:35,2012-03-13 12:07:35,Role 1,18,2.649190439475713,0
8,Turning & Milling,2012-03-13 09:12:13,2012-03-13 12:34:52,Role 1,19,3.649190439475713,0
2,Turning & Milling Q.C.,2012-03-13 10:33:34,2012-03-13 12:47:04,Role 3,16,2.174248265227448,0
3,Laser Marking,2012-03-13 11:03:56,2012-03-13 13:31:59,Role 4,16,1.0609097918272938,0
9,Rework Milling,2012-03-13 10:40:21,2012-03-13 14:33:44,SYSTEM,20,1,0
10,Change Version,2012-03-13 11:31:20,2012-03-13 15:18:08,SYSTEM,21,2,0
11,Turning & Milling,2012-03-13 12:14:06,2012-03-13 15:39:31,Role 1,22,2.649190439475713,0
5,Milling,2012-03-13 13:42:54,2012-03-13 16:32:24,SYSTEM,19,1,0
4,Turning Q.C.,2012-03-13 13:48:17,2012-03-13 16:54:02,SYSTEM,19,1,0
12,Turning & Milling,2012-03-13 13:34:56,2012-03-13 16:56:39,Role 1,23,2.649190439475713,0
1,Turn & Mill. & Screw Assem,2012-03-13 15:51:12,2012-03-13 17:42:54,SYSTEM,21,1,0
6,Final Inspection Q.C.,2012-03-13 15:44:20,2012-03-13 17:43:18,Role 3,21,1.202775636083269,0
13,Turning & Milling,2012-03-13 14:42:08,2012-03-13 17:49:31,Role 1,24,3.649190439475713,0
7,Turning & Milling Q.C.,2012-03-13 15:41:42,2012-03-13 17:51:25,Role 3,21,1.174248265227448,0
2,Turn & Mill. & Screw Assem,2012-03-13 16:48:10,2012-03-13 18:24:36,SYSTEM,22,2,0
8,Milling Q.C.,2012-03-13 15:59:09,2012-03-13 18:29:29,SYSTEM,22,1,0
14,Rework Milling,2012-03-13 15:28:55,2012-03-13 19:07:16,SYSTEM,25,1,0
3,Flat Grinding,2012-03-13 17:41:04,2012-03-13 19:15:55,Role 4,22,1.0246723207401696,0
15,Milling Q.C.,2012-03-13 16:14:35,2012-03-13 19:45:26,SYSTEM,26,2,0
9,Turning,2012-03-13 18:25:36,2012-03-13 21:08:38,SYSTEM,23,1,0
10,Final Inspection Q.C.,2012-03-13 19:00:53,2012-03-13 21:10:01,Role 3,24,1.202775636083269,0
16,Milling Q.C.,2012-03-13 17:46:33,2012-03-13 21:10:34,SYSTEM,27,3,0
11,Laser Marking,2012-03-13 19:17:12,2012-03-13 21:18:35,Role 4,25,1.0609097918272938,0
5,Final Inspection Q.C.,2012-03-13 20:38:03,2012-03-13 22:00:56,Role 3,26,2.202775636083269,0
12,Laser Marking,2012-03-13 20:33:19,2012-03-13 22:04:19,Role 4,26,2.0609097918272936,0
17,Rework Milling,2012-03-13 18:54:42,2012-03-13 22:19:40,SYSTEM,28,2,0
18,Rework Milling,2012-03-13 19:05:41,2012-03-13 22:26:46,SYSTEM,29,3,0
4,Turning & Milling,2012-03-13 20:55:52,2012-03-13 22:47:54,Role 1,26,1.649190439475713,0
1,Turning & Milling Q.C.,2012-03-13 21:45:53,2012-03-13 22:50:40,Role 3,26,1.174248265227448,0
6,Grinding Rework,2012-03-13 21:59:13,2012-03-13 23:21:38,Role 2,26,1.012336160370085,0
7,Round Grinding,2012-03-13 21:52:19,2012-03-13 23:23:10,Role 2,27,1.4379336931380107,0
19,Turning,2012-03-13 20:06:07,2012-03-13 23:27:49,SYSTEM,30,2,0
8,Packing,2012-03-13 22:05:18,2012-03-13 23:32:54,Role 5,27,1.0393215111796454,0
2,Turning & Milling Q.C.,2012-03-13 22:31:22,2012-03-13 23:36:43,Role 3,27,2.174248265227448,0
13,Milling,2012-03-13 21:30:40,2012-03-13 23:43:46,SYSTEM,27,1,0
15,Packing,2012-03-13 22:48:35,2012-03-14 00:16:28,Role 5,29,2.0393215111796454,0
20,Turning,2012-03-13 21:14:26,2012-03-14 00:33:26,SYSTEM,31,2,0
3,Laser Marking,2012-03-13 23:34:44,2012-03-14 00:54:27,Role 4,29,1.0609097918272938,0
14,Turning & Milling,2012-03-13 22:47:10,2012-03-14 00:58:11,Role 1,29,2.649190439475713,0
21,Rework Milling,2012-03-13 23:02:17,2012-03-14 02:20:49,SYSTEM,32,1,0
16,Packing,2012-03-14 00:12:55,2012-03-14 02:28:11,Role 5,30,2.0393215111796454,0
5,Packing,2012-03-14 02:12:08,2012-03-14 03:35:06,Role 5,31,2.0393215111796454,0
11,Lapping,2012-03-14 01:33:51,2012-03-14 03:42:54,Role 4,31,1.123361603700848,0
10,Grinding Rework,2012-03-14 01:29:05,2012-03-14 03:47:16,Role 2,30,1.012336160370085,0
12,Flat Grinding,2012-03-14 02:24:10,2012-03-14 03:58:53,Role 4,31,1.0246723207401696,0
9,Turning Q.C.,2012-03-14 01:25:05,2012-03-14 04:09:30,SYSTEM,30,1,0
4,Turning & Milling Q.C.,2012-03-14 03:06:51,2012-03-14 04:55:27,Role 3,31,1.174248265227448,0
1,Laser Marking,2012-03-14 03:42:54,2012-03-14 05:00:13,Role 4,31,1.0609097918272938,0
22,Rework Milling,2012-03-14 00:27:57,2012-03-14 05:07:09,SYSTEM,33,2,0
17,Milling Q.C.,2012-03-14 01:45:31,2012-03-14 05:07:25,SYSTEM,31,1,0
8,Fix,2012-03-14 03:26:59,2012-03-14 05:07:53,SYSTEM,32,1,0
2,Turn & Mill. & Screw Assem,2012-03-14 03:55:48,2012-03-14 05:14:34,SYSTEM,32,1,0
18,Turning & Milling,2012-03-14 02:05:41,2012-03-14 05:15:36,Role 1,31,1.649190439475713,0
7,Turning & Milling Q.C.,2012-03-14 03:47:13,2012-03-14 05:18:14,Role 3,32,2.174248265227448,0
23,Rework Milling,2012-03-14 01:10:05,2012-03-14 05:40:14,SYSTEM,34,3,0
13,Final Inspection Q.C.,2012-03-14 04:00:52,2012-03-14 05:41:29,Role 3,32,1.202775636083269,0
15,Round  Q.C.,2012-03-14 04:11:53,2012-03-14 06:02:57,SYSTEM,32,1,0
6,Final Inspection Q.C.,2012-03-14 04:55:27,2012-03-14 06:18:07,Role 3,32,2.202775636083269,0
19,Turning Q.C.,2012-03-14 03:08:55,2012-03-14 06:22:52,SYSTEM,32,2,0
3,Lapping,2012-03-14 05:36:27,2012-03-14 07:11:49,Role 4,33,1.123361603700848,0
24,Turning & Milling,2012-03-14 03:01:38,2012-03-14 07:13:15,Role 1,34,2.649190439475713,0
20,Turning Q.C.,2012-03-14 04:33:06,2012-03-14 07:42:03,SYSTEM,33,2,0
14,Milling,2012-03-14 05:42:16,2012-03-14 07:56:54,SYSTEM,33,1,0
21,Turning & Milling,2012-03-14 06:11:38,2012-03-14 08:58:32,Role 1,34,3.649190439475713,0
5,Final Inspection Q.C.,2012-03-14 08:06:49,2012-03-14 09:31:21,Role 3,34,1.202775636083269,0
25,Turning & Milling,2012-03-14 05:38:35,2012-03-14 09:43:11,Role 1,35,2.649190439475713,0
11,Final Inspection Q.C.,2012-03-14 08:37:35,2012-03-14 10:28:16,Role 3,34,2.202775636083269,0
10,Final Inspection Q.C.,2012-03-14 08:53:02,2012-03-14 10:33:29,Role 3,34,3.202775636083269,0
12,Lapping,2012-03-14 09:17:34,2012-03-14 10:59:57,Role 4,34,1.123361603700848,0
8,Packing,2012-03-14 09:38:10,2012-03-14 11:05:58,Role 5,34,2.0393215111796454,0
4,Turn & Mill. & Screw Assem,2012-03-14 09:39:43,2012-03-14 11:25:10,SYSTEM,34,1,0
9,Turning & Milling,2012-03-14 09:09:33,2012-03-14 11:26:32,Role 1,34,2.649190439475713,0
1,Flat Grinding,2012-03-14 09:59:48,2012-03-14 11:27:39,Role 4,34,1.0246723207401696,0
7,Turn & Mill. & Screw Assem,2012-03-14 10:18:52,2012-03-14 11:51:51,SYSTEM,34,2,0
17,Packing,2012-03-14 09:27:42,2012-03-14 11:58:15,Role 5,34,1.0393215111796454,0
2,Turning & Milling Q.C.,2012-03-14 10:33:29,2012-03-14 12:00:11,Role 3,34,3.174248265227448,0
22,Turning & Milling Q.C.,2012-03-14 09:31:21,2012-03-14 12:04:28,Role 3,34,1.174248265227448,0
18,Turning & Milling Q.C.,2012-03-14 10:28:16,2012-03-14 12:23:38,Role 3,34,2.174248265227448,0
15,Packing,2012-03-14 11:33:58,2012-03-14 13:05:31,Role 5,34,2.0393215111796454,0
23,Turning & Milling,2012-03-14 10:07:02,2012-03-14 13:18:37,Role 1,35,3.649190439475713,0
19,Turning & Milling,2012-03-14 11:12:28,2012-03-14 13:34:58,Role 1,33,4.6491904394757135,0
26,Turning & Milling,2012-03-14 09:50:18,2012-03-14 13:45:15,Role 1,34,2.649190439475713,0
28,Turning & Milling Q.C.,2012-03-14 12:00:11,2012-03-14 14:22:31,Role 3,36,3.174248265227448,0
27,Rework Milling,2012-03-14 10:32:36,2012-03-14 14:49:14,SYSTEM,35,1,0
24,Turning,2012-03-14 11:45:01,2012-03-14 15:10:30,SYSTEM,33,1,0
3,Round Grinding,2012-03-14 13:20:05,2012-03-14 15:14:30,Role 2,33,1.4379336931380107,0
20,Turning & Milling,2012-03-14 13:23:54,2012-03-14 15:47:05,Role 1,33,3.649190439475713,0
14,Final Inspection Q.C.,2012-03-14 14:21:08,2012-03-14 15:58:42,Role 3,33,1.202775636083269,0
21,Turning & Milling Q.C.,2012-03-14 14:09:32,2012-03-14 16:04:48,Role 3,33,2.174248265227448,0
29,Rework Milling,2012-03-14 12:15:30,2012-03-14 16:21:20,SYSTEM,37,2,0
5,Round Grinding,2012-03-14 15:35:46,2012-03-14 17:11:20,Role 2,33,1.4379336931380107,0
25,Milling,2012-03-14 14:18:23,2012-03-14 17:33:29,SYSTEM,33,1,0
11,Grinding Rework,2012-03-14 16:41:29,2012-03-14 18:25:45,Role 2,34,1.012336160370085,0
8,Fix,2012-03-14 16:55:22,2012-03-14 18:30:48,SYSTEM,35,1,0
10,Grinding Rework,2012-03-14 16:58:42,2012-03-14 18:33:24,Role 2,35,2.0123361603700847,0
30,Rework Milling,2012-03-14 14:45:07,2012-03-14 18:39:19,SYSTEM,38,3,0
4,Turning & Milling Q.C.,2012-03-14 17:14:27,2012-03-14 18:55:54,Role 3,35,1.174248265227448,0
31,Turning & Milling,2012-03-14 15:21:23,2012-03-14 19:01:22,Role 1,39,2.649190439475713,0
9,Turning & Milling Q.C.,2012-03-14 17:24:20,2012-03-14 19:06:12,Role 3,35,2.174248265227448,0
12,Round Grinding,2012-03-14 17:29:24,2012-03-14 19:12:24,Role 2,35,1.4379336931380107,0
7,Turning & Milling Q.C.,2012-03-14 17:58:35,2012-03-14 19:28:31,Role 3,36,3.174248265227448,1
1,Lapping,2012-03-14 17:58:18,2012-03-14 19:36:21,Role 4,36,1.123361603700848,0
22,Laser Marking,2012-03-14 17:59:27,2012-03-14 19:38:47,Role 4,36,1.0609097918272938,0
18,Stress Relief,2012-03-14 18:04:02,2012-03-14 19:49:26,SYSTEM,37,1,0
2,Turn & Mill. & Screw Assem,2012-03-14 18:18:34,2012-03-14 19:49:27,SYSTEM,36,1,0
17,Round  Q.C.,2012-03-14 17:48:59,2012-03-14 19:53:47,SYSTEM,36,1,0
32,Turning & Milling,2012-03-14 16:58:19,2012-03-14 20:34:23,Role 1,40,2.649190439475713,0
27,Turning & Milling Q.C.,2012-03-14 18:55:54,2012-03-14 21:02:20,Role 3,38,3.174248265227448,0
33,Rework Milling,2012-03-14 17:13:30,2012-03-14 21:05:28,SYSTEM,41,2,0
26,Milling,2012-03-14 18:11:16,2012-03-14 21:12:12,SYSTEM,37,1,0
28,Flat Grinding,2012-03-14 19:36:21,2012-03-14 21:13:25,Role 4,37,1.0246723207401696,0
15,Fix,2012-03-14 20:00:25,2012-03-14 21:31:22,SYSTEM,37,1,0
23,Laser Marking,2012-03-14 19:43:27,2012-03-14 21:31:35,Role 4,37,1.0609097918272938,0
19,Milling,2012-03-14 20:06:40,2012-03-14 22:01:02,SYSTEM,37,2,0
34,Turning & Milling,2012-03-14 19:58:35,2012-03-14 23:27:36,Role 1,42,2.649190439475713,0
29,Turning & Milling,2012-03-14 20:46:07,2012-03-14 23:34:43,Role 1,39,2.649190439475713,0
24,Turning Q.C.,2012-03-14 21:42:01,2012-03-15 00:08:16,SYSTEM,38,1,0
35,Rework Milling,2012-03-14 20:49:22,2012-03-15 00:32:15,SYSTEM,43,2,0
21,Round Grinding,2012-03-14 22:49:16,2012-03-15 00:34:39,Role 2,39,1.4379336931380107,0
3,Laser Marking,2012-03-14 22:49:39,2012-03-15 00:37:38,Role 4,38,2.0609097918272936,0
30,Turning & Milling Q.C.,2012-03-14 22:27:46,2012-03-15 00:57:31,Role 3,41,1.174248265227448,0
31,Laser Marking,2012-03-14 22:39:52,2012-03-15 01:06:46,Role 4,41,1.0609097918272938,1
14,Round Grinding,2012-03-14 23:40:14,2012-03-15 01:18:44,Role 2,39,2.4379336931380107,0
25,Final Inspection Q.C.,2012-03-14 23:32:22,2012-03-15 01:26:21,Role 3,41,1.202775636083269,0
36,Rework Milling,2012-03-14 21:57:07,2012-03-15 01:37:17,SYSTEM,44,2,0
5,Turning & Milling Q.C.,2012-03-15 00:24:24,2012-03-15 02:09:47,Role 3,40,2.174248265227448,0
38,Turning & Milling,2012-03-14 23:04:04,2012-03-15 02:15:00,Role 1,46,3.649190439475713,0
37,Rework Milling,2012-03-14 22:48:17,2012-03-15 02:22:08,SYSTEM,45,3,0
20,Laser Marking,2012-03-15 00:37:38,2012-03-15 02:41:36,Role 4,39,2.0609097918272936,0
32,Turning & Milling Q.C.,2012-03-15 00:57:31,2012-03-15 03:18:21,Role 3,42,2.174248265227448,0
11,Final Inspection Q.C.,2012-03-15 01:26:21,2012-03-15 03:19:07,Role 3,41,1.202775636083269,0
8,Packing,2012-03-15 01:33:37,2012-03-15 03:22:41,Role 5,41,1.0393215111796454,0
9,Turning & Milling,2012-03-15 01:47:03,2012-03-15 03:34:34,Role 1,41,4.6491904394757135,0
10,Packing,2012-03-15 02:01:24,2012-03-15 03:42:16,Role 5,41,2.0393215111796454,0
4,Turn & Mill. & Screw Assem,2012-03-15 01:49:51,2012-03-15 03:47:41,SYSTEM,41,1,0
39,Turning & Milling,2012-03-15 00:02:42,2012-03-15 04:00:30,Role 1,47,2.649190439475713,0
7,Laser Marking,2012-03-15 02:20:29,2012-03-15 04:00:30,Role 4,41,2.0609097918272936,1
18,Turning & Milling,2012-03-15 02:34:47,2012-03-15 04:22:46,Role 1,41,4.6491904394757135,0
33,Turning & Milling Q.C.,2012-03-15 02:09:47,2012-03-15 04:37:12,Role 3,43,2.174248265227448,0
12,Lapping,2012-03-15 02:41:36,2012-03-15 04:44:50,Role 4,41,1.123361603700848,1
2,Turning & Milling Q.C.,2012-03-15 03:18:21,2012-03-15 04:56:17,Role 3,41,2.174248265227448,0
27,Nitration Q.C.,2012-03-15 03:19:07,2012-03-15 05:10:07,Role 3,43,1.0007710100231304,0
17,Packing,2012-03-15 03:22:41,2012-03-15 05:11:37,Role 5,41,2.0393215111796454,0
40,Turning & Milling,2012-03-15 01:40:51,2012-03-15 05:20:58,Role 1,47,3.649190439475713,0
28,Lapping,2012-03-15 04:00:30,2012-03-15 05:52:46,Role 4,43,2.123361603700848,0
35,Turning & Milling,2012-03-15 03:15:09,2012-03-15 05:57:54,Role 1,47,5.6491904394757135,0
1,Laser Marking,2012-03-15 04:44:50,2012-03-15 06:38:33,Role 4,41,1.0609097918272938,1
26,Final Inspection Q.C.,2012-03-15 04:37:12,2012-03-15 06:46:35,Role 3,43,1.202775636083269,0
31,Final Inspection Q.C.,2012-03-15 04:56:17,2012-03-15 06:54:27,Role 3,47,2.202775636083269,0
34,Milling,2012-03-15 03:41:08,2012-03-15 06:55:05,SYSTEM,46,1,0
15,Packing,2012-03-15 05:24:22,2012-03-15 07:10:15,Role 5,43,1.0393215111796454,0
41,Rework Milling,2012-03-15 02:57:18,2012-03-15 07:15:02,SYSTEM,48,1,0
29,Turning & Milling Q.C.,2012-03-15 05:21:57,2012-03-15 07:23:52,Role 3,46,1.174248265227448,0
22,Flat Grinding,2012-03-15 05:52:46,2012-03-15 07:42:46,Role 4,41,1.0246723207401696,0
36,Change Version,2012-03-15 04:32:06,2012-03-15 07:49:51,SYSTEM,46,1,0
37,Turning & Milling,2012-03-15 05:04:27,2012-03-15 07:54:21,Role 1,47,3.649190439475713,0
39,Milling,2012-03-15 04:34:47,2012-03-15 08:02:12,SYSTEM,48,2,0
23,Final Inspection Q.C.,2012-03-15 06:46:35,2012-03-15 08:29:11,Role 3,43,2.202775636083269,0
19,Final Inspection Q.C.,2012-03-15 06:54:27,2012-03-15 08:34:13,Role 3,44,2.202775636083269,0
42,Turning & Milling,2012-03-15 05:18:45,2012-03-15 08:38:41,Role 1,49,4.6491904394757135,0
38,Laser Marking,2012-03-15 06:38:33,2012-03-15 08:57:04,Role 4,47,1.0609097918272938,0
24,Turning & Milling,2012-03-15 06:52:49,2012-03-15 09:02:13,Role 1,47,3.649190439475713,0
30,Flat Grinding,2012-03-15 07:42:46,2012-03-15 09:46:44,Role 4,47,1.0246723207401696,0
32,Turning & Milling,2012-03-15 07:41:12,2012-03-15 09:50:58,Role 1,48,4.6491904394757135,0
14,Packing,2012-03-15 08:19:13,2012-03-15 10:02:45,Role 5,47,1.0393215111796454,0
43,Rework Milling,2012-03-15 06:01:37,2012-03-15 10:05:44,SYSTEM,50,2,0
41,Turning & Milling Q.C.,2012-03-15 07:37:27,2012-03-15 10:17:36,Role 3,49,1.174248265227448,0
11,Packing,2012-03-15 09:13:12,2012-03-15 11:02:47,Role 5,48,2.0393215111796454,1
20,Final Inspection Q.C.,2012-03-15 09:25:30,2012-03-15 11:13:37,Role 3,47,1.202775636083269,0
42,Turning & Milling Q.C.,2012-03-15 08:57:01,2012-03-15 11:24:55,Role 3,50,2.174248265227448,0
21,Lapping,2012-03-15 09:46:44,2012-03-15 11:30:14,Role 4,47,1.123361603700848,1
40,Laser Marking,2012-03-15 08:57:04,2012-03-15 11:32:29,Role 4,49,1.0609097918272938,3
44,Turning & Milling,2012-03-15 08:21:44,2012-03-15 11:36:43,Role 1,50,4.6491904394757135,0
9,Milling,2012-03-15 09:53:27,2012-03-15 11:39:36,SYSTEM,48,1,0
8,Round  Q.C.,2012-03-15 09:56:22,2012-03-15 11:50:56,SYSTEM,48,1,0
7,Final Inspection Q.C.,2012-03-15 10:17:36,2012-03-15 11:57:45,Role 3,48,2.202775636083269,1
10,Round  Q.C.,2012-03-15 10:37:54,2012-03-15 12:30:18,SYSTEM,48,2,0
45,Turning & Milling,2012-03-15 09:19:31,2012-03-15 12:45:53,Role 1,51,3.649190439475713,0
4,Turning & Milling Q.C.,2012-03-15 11:24:55,2012-03-15 13:10:00,Role 3,48,1.174248265227448,1
12,Turning Rework,2012-03-15 10:57:45,2012-03-15 13:13:45,SYSTEM,48,1,0
3,Flat Grinding,2012-03-15 11:30:14,2012-03-15 13:21:10,Role 4,47,1.0246723207401696,1
37,Change Version,2012-03-15 10:53:45,2012-03-15 13:24:05,SYSTEM,49,1,0
18,Turning & Milling Q.C.,2012-03-15 11:57:45,2012-03-15 13:32:36,Role 3,48,2.174248265227448,1
35,Laser Marking,2012-03-15 11:32:29,2012-03-15 13:40:51,Role 4,49,1.0609097918272938,3
39,Final Inspection Q.C.,2012-03-15 11:13:37,2012-03-15 13:41:05,Role 3,49,2.202775636083269,0
28,Turning Rework,2012-03-15 11:50:16,2012-03-15 13:54:05,SYSTEM,49,2,0
43,Turning,2012-03-15 10:52:47,2012-03-15 14:13:50,SYSTEM,51,1,0
40,Round Grinding,2012-03-15 12:25:26,2012-03-15 15:11:26,Role 2,50,1.4379336931380107,0
5,Flat Grinding,2012-03-15 13:21:10,2012-03-15 15:12:19,Role 4,47,1.0246723207401696,0
2,Nitration Q.C.,2012-03-15 13:41:05,2012-03-15 15:18:27,Role 3,48,1.0007710100231304,1
36,Final Inspection Q.C.,2012-03-15 13:10:00,2012-03-15 15:20:06,Role 3,49,2.202775636083269,0
38,Final Inspection Q.C.,2012-03-15 13:32:36,2012-03-15 15:28:30,Role 3,50,3.202775636083269,0
1,Round Grinding,2012-03-15 13:28:21,2012-03-15 15:38:50,Role 2,50,2.4379336931380107,0
29,Turning & Milling,2012-03-15 13:40:15,2012-03-15 15:39:01,Role 1,49,1.649190439475713,0
26,Grinding Rework,2012-03-15 13:40:59,2012-03-15 15:42:47,Role 2,50,1.012336160370085,0
33,Flat Grinding,2012-03-15 13:40:51,2012-03-15 15:43:29,Role 4,48,2.02467232074017,3
15,Fix,2012-03-15 14:40:48,2012-03-15 16:30:26,SYSTEM,49,1,0
17,Final Inspection Q.C.,2012-03-15 15:20:06,2012-03-15 16:54:02,Role 3,48,3.202775636083269,0
19,Packing,2012-03-15 15:27:19,2012-03-15 17:07:47,Role 5,50,1.0393215111796454,0
32,Turning & Milling Q.C.,2012-03-15 15:28:30,2012-03-15 17:18:55,Role 3,51,1.174248265227448,2
34,Final Inspection Q.C.,2012-03-15 15:18:27,2012-03-15 17:22:54,Role 3,49,3.202775636083269,0
11,Round  Q.C.,2012-03-15 15:30:19,2012-03-15 17:25:28,SYSTEM,51,1,0
27,Laser Marking,2012-03-15 15:43:29,2012-03-15 17:30:22,Role 4,48,2.0609097918272936,3
41,Laser Marking,2012-03-15 15:12:19,2012-03-15 17:31:48,Role 4,51,1.0609097918272938,4
14,Round  Q.C.,2012-03-15 15:47:53,2012-03-15 17:38:09,SYSTEM,51,2,0
21,Turning Rework,2012-03-15 15:51:49,2012-03-15 17:43:10,SYSTEM,50,1,0
7,Round Grinding,2012-03-15 16:00:25,2012-03-15 17:51:57,Role 2,50,1.4379336931380107,0
23,Round Grinding,2012-03-15 16:38:03,2012-03-15 18:24:14,Role 2,50,2.4379336931380107,0
9,Final Inspection Q.C.,2012-03-15 16:54:02,2012-03-15 18:36:44,Role 3,50,2.202775636083269,6
39,Grinding Rework,2012-03-15 16:34:26,2012-03-15 18:53:49,Role 2,50,1.012336160370085,0
43,Turning Q.C.,2012-03-15 16:17:59,2012-03-15 19:05:55,SYSTEM,50,1,0
37,Final Inspection Q.C.,2012-03-15 17:18:55,2012-03-15 19:11:56,Role 3,50,3.202775636083269,4
8,Packing,2012-03-15 17:25:28,2012-03-15 19:24:35,Role 5,50,1.0393215111796454,0
40,Final Inspection Q.C.,2012-03-15 17:22:54,2012-03-15 19:34:23,Role 3,50,3.202775636083269,3
42,Laser Marking,2012-03-15 17:31:48,2012-03-15 19:38:39,Role 4,50,2.0609097918272936,5
44,Laser Marking,2012-03-15 17:30:22,2012-03-15 19:41:41,Role 4,50,2.0609097918272936,4
18,Stress Relief,2012-03-15 18:10:57,2012-03-15 19:56:31,SYSTEM,50,1,0
10,Packing,2012-03-15 18:10:05,2012-03-15 20:01:06,Role 5,50,2.0393215111796454,0
4,Turn & Mill. & Screw Assem,2012-03-15 18:15:00,2012-03-15 20:08:59,SYSTEM,50,1,0
36,Round Grinding,2012-03-15 18:36:49,2012-03-15 20:40:58,Role 2,50,1.4379336931380107,0
30,Laser Marking,2012-03-15 19:41:41,2012-03-15 21:29:49,Role 4,51,2.0609097918272936,5
45,Laser Marking,2012-03-15 19:38:39,2012-03-15 21:49:45,Role 4,50,2.0609097918272936,6
7,Final Inspection Q.C.,2012-03-15 20:21:22,2012-03-15 22:16:07,Role 3,49,1.202775636083269,0
11,Packing,2012-03-15 20:28:35,2012-03-15 22:23:28,Role 5,49,1.0393215111796454,0
32,Turning & Milling,2012-03-15 21:00:21,2012-03-15 22:47:47,Role 1,49,1.649190439475713,0
24,Laser Marking,2012-03-15 21:29:49,2012-03-15 23:10:41,Role 4,50,2.0609097918272936,3
22,Laser Marking,2012-03-15 21:49:45,2012-03-15 23:35:34,Role 4,49,2.0609097918272936,4
14,Packing,2012-03-15 21:51:36,2012-03-15 23:35:55,Role 5,49,2.0393215111796454,0
26,Final Inspection Q.C.,2012-03-15 21:54:55,2012-03-15 23:39:56,Role 3,49,2.202775636083269,0
34,Packing,2012-03-15 22:23:28,2012-03-16 00:08:01,Role 5,49,2.0393215111796454,0
42,Round Grinding,2012-03-15 22:05:20,2012-03-16 00:11:33,Role 2,47,1.4379336931380107,0
19,Fix,2012-03-15 22:47:37,2012-03-16 00:33:28,SYSTEM,49,1,0
45,Final Inspection Q.C.,2012-03-15 22:49:14,2012-03-16 00:46:33,Role 3,47,2.202775636083269,0
35,Lapping,2012-03-15 23:10:41,2012-03-16 01:03:47,Role 4,50,1.123361603700848,7
43,Turning & Milling,2012-03-15 22:56:41,2012-03-16 01:11:06,Role 1,48,1.649190439475713,0
37,Grinding Rework,2012-03-15 23:25:46,2012-03-16 01:11:49,Role 2,48,1.012336160370085,0
15,Packing,2012-03-15 23:35:55,2012-03-16 01:21:02,Role 5,49,2.0393215111796454,0
18,Turning & Milling,2012-03-15 23:48:45,2012-03-16 01:31:53,Role 1,47,2.649190439475713,0
12,Lapping,2012-03-15 23:35:34,2012-03-16 01:37:29,Role 4,50,2.123361603700848,7
17,Packing,2012-03-16 00:08:01,2012-03-16 01:38:22,Role 5,49,2.0393215111796454,0
4,Turning & Milling Q.C.,2012-03-16 00:02:21,2012-03-16 01:50:57,Role 3,47,1.174248265227448,0
23,Turning & Milling Q.C.,2012-03-16 00:11:56,2012-03-16 01:51:05,Role 3,49,2.174248265227448,0
10,Fix,2012-03-16 00:47:28,2012-03-16 02:39:02,SYSTEM,47,1,0
3,Laser Marking,2012-03-16 01:03:47,2012-03-16 02:49:14,Role 4,50,1.0609097918272938,8
11,Round  Q.C.,2012-03-16 01:03:56,2012-03-16 03:03:49,SYSTEM,47,1,0
7,Round Grinding,2012-03-16 00:58:35,2012-03-16 03:03:55,Role 2,47,1.4379336931380107,0
39,Packing,2012-03-16 01:21:02,2012-03-16 03:16:09,Role 5,48,2.0393215111796454,0
28,Lapping,2012-03-16 01:37:29,2012-03-16 03:30:29,Role 4,50,1.123361603700848,6
40,Packing,2012-03-16 01:38:22,2012-03-16 03:32:36,Role 5,47,2.0393215111796454,0
41,Flat Grinding,2012-03-16 02:49:14,2012-03-16 04:52:39,Role 4,49,1.0246723207401696,6
14,Round  Q.C.,2012-03-16 03:26:37,2012-03-16 05:11:05,SYSTEM,47,1,0
33,Laser Marking,2012-03-16 03:30:29,2012-03-16 05:18:34,Role 4,49,1.0609097918272938,7
2,Laser Marking,2012-03-16 04:52:39,2012-03-16 06:31:09,Role 4,50,2.0609097918272936,7
21,Lapping,2012-03-16 05:18:34,2012-03-16 07:05:40,Role 4,49,1.123361603700848,5
44,Lapping,2012-03-16 06:31:09,2012-03-16 08:17:52,Role 4,47,2.123361603700848,7
42,Turning & Milling Q.C.,2012-03-16 06:37:28,2012-03-16 08:29:47,Role 3,46,1.174248265227448,0
5,Laser Marking,2012-03-16 07:05:40,2012-03-16 08:46:40,Role 4,50,1.0609097918272938,8
35,Final Inspection Q.C.,2012-03-16 07:11:59,2012-03-16 08:53:37,Role 3,45,1.202775636083269,0
34,Fix,2012-03-16 07:52:50,2012-03-16 09:32:01,SYSTEM,46,1,0
19,Packing,2012-03-16 07:51:57,2012-03-16 09:32:51,Role 5,46,1.0393215111796454,2
37,Final Inspection Q.C.,2012-03-16 08:11:40,2012-03-16 09:52:03,Role 3,45,2.202775636083269,0
29,Laser Marking,2012-03-16 08:17:52,2012-03-16 09:54:48,Role 4,49,2.0609097918272936,7
12,Turning Rework,2012-03-16 08:04:04,2012-03-16 10:03:41,SYSTEM,44,1,0
17,Round  Q.C.,2012-03-16 08:42:23,2012-03-16 10:04:36,SYSTEM,44,1,0
1,Lapping,2012-03-16 08:46:40,2012-03-16 10:45:15,Role 4,49,1.123361603700848,7
11,Packing,2012-03-16 09:26:08,2012-03-16 11:00:50,Role 5,44,2.0393215111796454,0
23,Turning & Milling,2012-03-16 09:31:10,2012-03-16 11:05:59,Role 1,44,1.649190439475713,0
4,Stress Relief,2012-03-16 09:22:14,2012-03-16 11:07:28,SYSTEM,44,1,0
40,Final Inspection Q.C.,2012-03-16 09:46:54,2012-03-16 11:21:06,Role 3,44,3.202775636083269,0
7,Final Inspection Q.C.,2012-03-16 09:45:55,2012-03-16 11:24:10,Role 3,44,2.202775636083269,0
10,Packing,2012-03-16 09:49:25,2012-03-16 11:26:04,Role 5,44,2.0393215111796454,0
3,Final Inspection Q.C.,2012-03-16 09:58:49,2012-03-16 11:28:43,Role 3,44,3.202775636083269,0
39,Round  Q.C.,2012-03-16 09:50:12,2012-03-16 11:30:58,SYSTEM,44,2,0
27,Lapping,2012-03-16 09:54:48,2012-03-16 11:31:47,Role 4,49,2.123361603700848,7
43,Milling,2012-03-16 09:59:10,2012-03-16 11:54:38,SYSTEM,45,1,0
36,Laser Marking,2012-03-16 10:45:15,2012-03-16 12:27:47,Role 4,47,1.0609097918272938,11
28,Final Inspection Q.C.,2012-03-16 11:21:06,2012-03-16 13:01:07,Role 3,44,3.202775636083269,0
30,Lapping,2012-03-16 11:31:47,2012-03-16 13:06:01,Role 4,47,1.123361603700848,14
14,Packing,2012-03-16 12:38:53,2012-03-16 14:08:13,Role 5,44,1.0393215111796454,0
32,Laser Marking,2012-03-16 12:27:47,2012-03-16 14:10:32,Role 4,47,1.0609097918272938,12
44,Final Inspection Q.C.,2012-03-16 13:00:30,2012-03-16 14:25:35,Role 3,44,2.202775636083269,0
24,Flat Grinding,2012-03-16 13:06:01,2012-03-16 14:35:40,Role 4,47,1.0246723207401696,13
21,Round Grinding,2012-03-16 13:05:52,2012-03-16 14:50:05,Role 2,44,1.4379336931380107,0
22,Flat Grinding,2012-03-16 14:10:32,2012-03-16 15:53:38,Role 4,47,2.02467232074017,12
18,Laser Marking,2012-03-16 14:35:40,2012-03-16 16:13:30,Role 4,44,1.0609097918272938,12
5,Final Inspection Q.C.,2012-03-16 15:45:51,2012-03-16 17:19:05,Role 3,44,1.202775636083269,0
41,Lapping,2012-03-16 15:53:38,2012-03-16 17:32:32,Role 4,44,1.123361603700848,12
33,Flat Grinding,2012-03-16 16:13:30,2012-03-16 17:42:21,Role 4,44,1.0246723207401696,11
29,Final Inspection Q.C.,2012-03-16 16:29:20,2012-03-16 17:53:22,Role 3,44,2.202775636083269,0
2,Flat Grinding,2012-03-16 17:32:32,2012-03-16 18:56:44,Role 4,44,2.02467232074017,10
1,Turning Rework,2012-03-16 17:46:40,2012-03-16 19:32:40,SYSTEM,44,1,0
42,Nitration Q.C.,2012-03-16 18:01:52,2012-03-16 19:36:08,Role 3,44,1.0007710100231304,0
35,Round Grinding,2012-03-16 18:18:20,2012-03-16 19:55:17,Role 2,44,1.4379336931380107,0
27,Laser Marking,2012-03-16 18:24:52,2012-03-16 19:55:57,Role 4,41,1.0609097918272938,6
30,Laser Marking,2012-03-16 18:56:44,2012-03-16 20:23:14,Role 4,41,2.0609097918272936,5
17,Packing,2012-03-16 19:28:03,2012-03-16 20:46:50,Role 5,44,1.0393215111796454,0
36,Round Grinding,2012-03-16 19:12:08,2012-03-16 20:48:18,Role 2,41,2.4379336931380107,0
34,Packing,2012-03-16 19:28:26,2012-03-16 20:51:12,Role 5,44,2.0393215111796454,0
19,Fix,2012-03-16 19:22:22,2012-03-16 20:54:58,SYSTEM,44,1,0
12,Lapping,2012-03-16 19:55:57,2012-03-16 21:34:58,Role 4,44,1.123361603700848,6
37,Packing,2012-03-16 20:46:50,2012-03-16 22:05:20,Role 5,44,2.0393215111796454,0
32,Round Grinding,2012-03-16 20:42:59,2012-03-16 22:10:28,Role 2,41,2.4379336931380107,0
24,Laser Marking,2012-03-16 21:04:20,2012-03-16 22:22:21,Role 4,40,1.0609097918272938,4
23,Turning & Milling Q.C.,2012-03-16 21:04:58,2012-03-16 22:22:54,Role 3,43,1.174248265227448,1
39,Packing,2012-03-16 21:12:48,2012-03-16 22:29:35,Role 5,41,2.0393215111796454,0
40,Round Grinding,2012-03-16 21:45:09,2012-03-16 22:56:58,Role 2,43,2.4379336931380107,0
4,Turning & Milling,2012-03-16 22:06:21,2012-03-16 23:28:36,Role 1,43,1.649190439475713,0
7,Round Grinding,2012-03-16 22:12:25,2012-03-16 23:29:42,Role 2,43,2.4379336931380107,0
22,Laser Marking,2012-03-16 23:02:12,2012-03-17 00:35:29,Role 4,40,1.0609097918272938,3
28,Round Grinding,2012-03-16 23:15:27,2012-03-17 00:38:18,Role 2,41,2.4379336931380107,0
43,Final Inspection Q.C.,2012-03-16 23:57:02,2012-03-17 01:24:38,Role 3,41,1.202775636083269,0
14,Final Inspection Q.C.,2012-03-17 00:52:44,2012-03-17 02:00:46,Role 3,41,3.202775636083269,0
21,Final Inspection Q.C.,2012-03-17 00:42:29,2012-03-17 02:18:01,Role 3,40,2.202775636083269,0
18,Round Grinding,2012-03-17 02:24:00,2012-03-17 03:52:27,Role 2,40,1.4379336931380107,0
41,Round Grinding,2012-03-17 03:00:30,2012-03-17 04:41:39,Role 2,40,2.4379336931380107,0
5,Packing,2012-03-17 03:24:27,2012-03-17 04:57:55,Role 5,40,1.0393215111796454,0
33,Lapping,2012-03-17 03:26:40,2012-03-17 05:05:45,Role 4,40,1.123361603700848,0
2,Lapping,2012-03-17 04:24:43,2012-03-17 05:52:55,Role 4,39,2.123361603700848,2
1,Lapping,2012-03-17 05:05:45,2012-03-17 06:41:57,Role 4,39,2.123361603700848,1
27,Lapping,2012-03-17 05:52:55,2012-03-17 07:23:37,Role 4,39,2.123361603700848,1
36,Packing,2012-03-17 06:12:48,2012-03-17 07:39:29,Role 5,38,1.0393215111796454,0
30,Flat Grinding,2012-03-17 06:41:57,2012-03-17 08:11:02,Role 4,39,1.0246723207401696,0
42,Laser Marking,2012-03-17 07:23:37,2012-03-17 08:48:00,Role 4,39,1.0609097918272938,1
24,Final Inspection Q.C.,2012-03-17 08:08:07,2012-03-17 09:26:11,Role 3,37,1.202775636083269,0
32,Lapping,2012-03-17 08:12:16,2012-03-17 09:31:18,Role 4,37,1.123361603700848,0
35,Turning & Milling Q.C.,2012-03-17 08:26:16,2012-03-17 09:54:57,Role 3,39,1.174248265227448,0
19,Packing,2012-03-17 09:08:12,2012-03-17 10:20:10,Role 5,38,1.0393215111796454,0
34,Fix,2012-03-17 09:15:14,2012-03-17 10:31:53,SYSTEM,38,1,0
12,Final Inspection Q.C.,2012-03-17 09:31:45,2012-03-17 10:46:40,Role 3,38,1.202775636083269,0
22,Round Grinding,2012-03-17 09:40:43,2012-03-17 11:12:18,Role 2,36,1.4379336931380107,0
23,Nitration Q.C.,2012-03-17 11:19:41,2012-03-17 12:29:54,Role 3,37,1.0007710100231304,0
40,Laser Marking,2012-03-17 12:29:16,2012-03-17 13:44:44,Role 4,36,1.0609097918272938,0
28,Laser Marking,2012-03-17 13:08:42,2012-03-17 14:15:03,Role 4,36,2.0609097918272936,0
7,Final Inspection Q.C.,2012-03-17 13:21:53,2012-03-17 14:27:47,Role 3,36,1.202775636083269,0
4,Turning & Milling Q.C.,2012-03-17 14:01:07,2012-03-17 15:02:16,Role 3,36,1.174248265227448,0
14,Packing,2012-03-17 14:23:45,2012-03-17 15:41:15,Role 5,36,1.0393215111796454,0
43,Round Grinding,2012-03-17 14:53:36,2012-03-17 16:03:53,Role 2,36,1.4379336931380107,0
18,Packing,2012-03-17 15:47:24,2012-03-17 17:03:29,Role 5,35,1.0393215111796454,0
41,Packing,2012-03-17 16:00:44,2012-03-17 17:41:25,Role 5,35,2.0393215111796454,0
33,Round Grinding,2012-03-17 16:16:19,2012-03-17 18:05:46,Role 2,35,1.4379336931380107,0
2,Laser Marking,2012-03-17 16:43:38,2012-03-17 18:19:32,Role 4,35,1.0609097918272938,1
5,Final Inspection Q.C.,2012-03-17 16:46:33,2012-03-17 18:20:58,Role 3,35,1.202775636083269,0
1,Laser Marking,2012-03-17 17:45:22,2012-03-17 19:08:42,Role 4,35,2.0609097918272936,1
27,Laser Marking,2012-03-17 18:19:32,2012-03-17 19:54:14,Role 4,35,2.0609097918272936,1
36,Final Inspection Q.C.,2012-03-17 18:38:24,2012-03-17 20:00:01,Role 3,35,1.202775636083269,0
30,Lapping,2012-03-17 19:22:03,2012-03-17 20:56:01,Role 4,35,1.123361603700848,0
42,Flat Grinding,2012-03-17 20:44:48,2012-03-17 21:57:20,Role 4,35,1.0246723207401696,0
32,Final Inspection Q.C.,2012-03-17 20:58:25,2012-03-17 22:13:58,Role 3,35,1.202775636083269,0
24,Round Grinding,2012-03-17 20:42:51,2012-03-17 22:17:27,Role 2,35,1.4379336931380107,0
22,Final Inspection Q.C.,2012-03-17 21:36:44,2012-03-17 23:08:59,Role 3,34,2.202775636083269,0
19,Fix,2012-03-17 22:44:58,2012-03-17 23:49:22,SYSTEM,35,1,0
34,Packing,2012-03-17 23:21:22,2012-03-18 00:39:23,Role 5,35,1.0393215111796454,0
35,Nitration Q.C.,2012-03-17 23:26:56,2012-03-18 00:53:38,Role 3,35,1.0007710100231304,0
23,Laser Marking,2012-03-18 01:11:21,2012-03-18 02:35:33,Role 4,34,1.0609097918272938,0
28,Round Grinding,2012-03-18 02:22:45,2012-03-18 03:49:29,Role 2,34,1.4379336931380107,0
40,Final Inspection Q.C.,2012-03-18 03:30:23,2012-03-18 04:53:56,Role 3,34,1.202775636083269,0
14,Round  Q.C.,2012-03-18 03:51:51,2012-03-18 05:15:34,SYSTEM,34,1,0
18,Final Inspection Q.C.,2012-03-18 03:56:39,2012-03-18 05:25:44,Role 3,34,2.202775636083269,0
7,Packing,2012-03-18 04:30:15,2012-03-18 05:46:58,Role 5,34,1.0393215111796454,0
43,Turning & Milling Q.C.,2012-03-18 04:54:55,2012-03-18 06:01:54,Role 3,34,1.174248265227448,0
2,Flat Grinding,2012-03-18 04:30:07,2012-03-18 06:19:31,Role 4,34,1.0246723207401696,1
41,Final Inspection Q.C.,2012-03-18 04:49:58,2012-03-18 06:28:29,Role 3,34,3.202775636083269,0
33,Lapping,2012-03-18 04:47:06,2012-03-18 06:41:10,Role 4,34,1.123361603700848,1
4,Nitration Q.C.,2012-03-18 05:35:34,2012-03-18 06:42:24,Role 3,34,1.0007710100231304,0
1,Lapping,2012-03-18 06:19:31,2012-03-18 07:55:41,Role 4,34,2.123361603700848,0
5,Round Grinding,2012-03-18 06:15:32,2012-03-18 07:57:21,Role 2,34,1.4379336931380107,0
27,Round Grinding,2012-03-18 06:26:54,2012-03-18 08:11:11,Role 2,34,2.4379336931380107,0
30,Round Grinding,2012-03-18 07:29:28,2012-03-18 09:14:26,Role 2,33,3.4379336931380107,0
42,Lapping,2012-03-18 08:16:13,2012-03-18 09:44:41,Role 4,33,1.123361603700848,0
32,Packing,2012-03-18 08:53:15,2012-03-18 10:28:23,Role 5,33,1.0393215111796454,0
24,Final Inspection Q.C.,2012-03-18 09:26:20,2012-03-18 11:05:24,Role 3,33,1.202775636083269,0
34,Fix,2012-03-18 10:01:12,2012-03-18 11:19:08,SYSTEM,32,1,0
19,Packing,2012-03-18 10:03:19,2012-03-18 11:19:14,Role 5,32,2.0393215111796454,0
35,Laser Marking,2012-03-18 11:41:16,2012-03-18 13:07:41,Role 4,32,1.0609097918272938,0
23,Final Inspection Q.C.,2012-03-18 12:29:57,2012-03-18 14:00:27,Role 3,32,1.202775636083269,0
28,Final Inspection Q.C.,2012-03-18 13:37:30,2012-03-18 15:06:26,Role 3,32,2.202775636083269,0
18,Round Grinding,2012-03-18 13:31:04,2012-03-18 15:25:48,Role 2,32,1.4379336931380107,0
14,Packing,2012-03-18 14:09:06,2012-03-18 15:50:44,Role 5,32,1.0393215111796454,0
2,Lapping,2012-03-18 14:03:23,2012-03-18 16:04:59,Role 4,32,1.123361603700848,1
33,Final Inspection Q.C.,2012-03-18 14:32:53,2012-03-18 16:22:25,Role 3,31,2.202775636083269,0
1,Turning Rework,2012-03-18 15:27:28,2012-03-18 17:05:25,SYSTEM,31,1,0
40,Grinding Rework,2012-03-18 15:46:24,2012-03-18 17:21:37,Role 2,32,1.012336160370085,0
43,Turn & Mill. & Screw Assem,2012-03-18 16:11:46,2012-03-18 17:32:56,SYSTEM,32,1,0
7,Round  Q.C.,2012-03-18 16:09:30,2012-03-18 17:36:17,SYSTEM,32,1,0
27,Packing,2012-03-18 16:09:26,2012-03-18 17:58:30,Role 5,31,1.0393215111796454,0
4,Laser Marking,2012-03-18 17:38:36,2012-03-18 18:48:35,Role 4,31,2.0609097918272936,0
30,Final Inspection Q.C.,2012-03-18 17:24:01,2012-03-18 19:09:45,Role 3,31,1.202775636083269,0
5,Laser Marking,2012-03-18 17:35:16,2012-03-18 19:18:44,Role 4,31,1.0609097918272938,0
42,Turning Rework,2012-03-18 17:43:12,2012-03-18 19:27:23,SYSTEM,31,1,0
34,Packing,2012-03-18 18:05:09,2012-03-18 19:38:25,Role 5,31,1.0393215111796454,0
32,Round  Q.C.,2012-03-18 18:54:12,2012-03-18 20:31:58,SYSTEM,31,1,0
19,Final Inspection Q.C.,2012-03-18 19:38:23,2012-03-18 20:57:07,Role 3,31,1.202775636083269,0
24,Round Grinding,2012-03-18 19:45:55,2012-03-18 21:30:17,Role 2,31,1.4379336931380107,0
35,Final Inspection Q.C.,2012-03-18 21:30:12,2012-03-18 22:58:50,Role 3,31,1.202775636083269,0
18,Final Inspection Q.C.,2012-03-18 22:39:07,2012-03-19 00:29:47,Role 3,30,2.202775636083269,0
28,Round Grinding,2012-03-18 22:57:21,2012-03-19 00:39:49,Role 2,30,2.4379336931380107,0
2,Turning Rework,2012-03-18 22:22:13,2012-03-19 00:40:17,SYSTEM,30,1,0
33,Round Grinding,2012-03-18 22:51:49,2012-03-19 00:53:15,Role 2,30,1.4379336931380107,0
14,Fix,2012-03-18 22:53:09,2012-03-19 00:57:06,SYSTEM,30,1,0
1,Lapping,2012-03-18 23:15:14,2012-03-19 01:16:37,Role 4,30,1.123361603700848,0
7,Packing,2012-03-19 00:50:00,2012-03-19 02:29:03,Role 5,30,1.0393215111796454,0
40,Packing,2012-03-19 01:15:23,2012-03-19 02:53:15,Role 5,30,2.0393215111796454,0
27,Round  Q.C.,2012-03-19 00:50:27,2012-03-19 02:54:14,SYSTEM,30,1,0
43,Turning & Milling Q.C.,2012-03-19 01:40:31,2012-03-19 03:11:02,Role 3,30,1.174248265227448,0
4,Lapping,2012-03-19 02:56:26,2012-03-19 04:12:19,Role 4,30,2.123361603700848,0
30,Packing,2012-03-19 02:29:03,2012-03-19 04:13:44,Role 5,30,2.0393215111796454,0
42,Lapping,2012-03-19 02:13:14,2012-03-19 04:21:27,Role 4,30,1.123361603700848,0
32,Packing,2012-03-19 03:26:42,2012-03-19 05:08:51,Role 5,29,2.0393215111796454,0
5,Final Inspection Q.C.,2012-03-19 03:32:35,2012-03-19 05:33:24,Role 3,30,1.202775636083269,0
19,Grinding Rework,2012-03-19 03:59:08,2012-03-19 05:35:52,Role 2,29,1.012336160370085,0
24,Packing,2012-03-19 05:06:36,2012-03-19 06:41:54,Role 5,29,2.0393215111796454,0
35,Grinding Rework,2012-03-19 05:52:43,2012-03-19 07:35:17,Role 2,29,1.012336160370085,0
33,Laser Marking,2012-03-19 07:57:35,2012-03-19 09:51:13,Role 4,28,1.0609097918272938,0
2,Lapping,2012-03-19 07:36:02,2012-03-19 10:02:00,Role 4,28,1.123361603700848,0
14,Packing,2012-03-19 07:58:30,2012-03-19 10:05:58,Role 5,28,1.0393215111796454,0
28,Final Inspection Q.C.,2012-03-19 08:44:11,2012-03-19 10:35:05,Role 3,28,2.202775636083269,0
1,Final Inspection Q.C.,2012-03-19 08:44:09,2012-03-19 10:40:57,Role 3,28,1.202775636083269,0
7,Fix,2012-03-19 09:20:13,2012-03-19 11:31:10,SYSTEM,28,1,0
27,Packing,2012-03-19 10:03:36,2012-03-19 11:55:49,Role 5,28,2.0393215111796454,0
40,Fix,2012-03-19 10:19:51,2012-03-19 12:22:04,SYSTEM,28,2,0
43,Flat Grinding,2012-03-19 11:06:57,2012-03-19 13:08:22,Role 4,28,1.0246723207401696,0
4,Final Inspection Q.C.,2012-03-19 11:37:47,2012-03-19 13:11:03,Role 3,28,1.202775636083269,0
30,Fix,2012-03-19 11:31:26,2012-03-19 13:13:06,SYSTEM,28,2,0
42,Laser Marking,2012-03-19 12:16:40,2012-03-19 14:16:27,Role 4,28,1.0609097918272938,0
32,Fix,2012-03-19 12:42:11,2012-03-19 14:19:36,SYSTEM,28,2,0
19,Packing,2012-03-19 13:07:01,2012-03-19 14:45:21,Role 5,28,1.0393215111796454,0
5,Packing,2012-03-19 13:33:21,2012-03-19 15:13:42,Role 5,28,2.0393215111796454,0
24,Final Inspection Q.C.,2012-03-19 14:43:34,2012-03-19 16:16:45,Role 3,28,1.202775636083269,0
35,Packing,2012-03-19 14:54:29,2012-03-19 16:27:40,Role 5,28,2.0393215111796454,0
33,Lapping,2012-03-19 16:49:41,2012-03-19 18:45:05,Role 4,28,1.123361603700848,0
14,Fix,2012-03-19 17:02:51,2012-03-19 19:13:38,SYSTEM,28,1,0
2,Round Grinding,2012-03-19 17:22:47,2012-03-19 19:51:40,Role 2,28,1.4379336931380107,0
7,Packing,2012-03-19 18:20:35,2012-03-19 20:21:14,Role 5,27,1.0393215111796454,0
1,Round Grinding,2012-03-19 18:33:41,2012-03-19 20:35:15,Role 2,27,2.4379336931380107,0
27,Fix,2012-03-19 19:11:05,2012-03-19 21:00:25,SYSTEM,27,2,0
40,Packing,2012-03-19 20:05:28,2012-03-19 21:39:38,Role 5,27,2.0393215111796454,0
30,Packing,2012-03-19 20:21:15,2012-03-19 21:49:10,Role 5,27,2.0393215111796454,0
43,Laser Marking,2012-03-19 20:40:54,2012-03-19 22:37:28,Role 4,27,1.0609097918272938,0
4,Packing,2012-03-19 21:39:38,2012-03-19 23:07:44,Role 5,27,2.0393215111796454,0
32,Packing,2012-03-19 21:49:10,2012-03-19 23:13:09,Role 5,27,2.0393215111796454,0
42,Lapping,2012-03-19 22:12:33,2012-03-19 23:53:51,Role 4,27,1.123361603700848,0
19,Round  Q.C.,2012-03-19 22:10:40,2012-03-19 23:55:17,SYSTEM,27,1,0
5,Fix,2012-03-19 22:48:53,2012-03-20 00:28:23,SYSTEM,27,1,0
35,Fix,2012-03-19 23:46:42,2012-03-20 01:18:46,SYSTEM,27,2,0
24,Grinding Rework,2012-03-20 00:24:28,2012-03-20 02:17:05,Role 2,27,1.012336160370085,0
14,Packing,2012-03-20 02:01:04,2012-03-20 03:48:25,Role 5,27,1.0393215111796454,0
33,Laser Marking,2012-03-20 02:10:30,2012-03-20 03:58:19,Role 4,27,1.0609097918272938,0
27,Packing,2012-03-20 03:42:16,2012-03-20 05:04:13,Role 5,27,2.0393215111796454,1
7,Final Inspection Q.C.,2012-03-20 03:27:48,2012-03-20 05:05:39,Role 3,27,1.202775636083269,0
2,Laser Marking,2012-03-20 03:20:54,2012-03-20 05:10:31,Role 4,27,2.0609097918272936,0
1,Final Inspection Q.C.,2012-03-20 04:31:02,2012-03-20 06:02:40,Role 3,27,2.202775636083269,0
32,Final Inspection Q.C.,2012-03-20 06:16:07,2012-03-20 07:30:45,Role 3,24,1.202775636083269,0
43,Round Grinding,2012-03-20 06:12:45,2012-03-20 08:00:47,Role 2,25,1.4379336931380107,0
19,Packing,2012-03-20 07:33:24,2012-03-20 08:52:53,Role 5,24,2.0393215111796454,0
5,Packing,2012-03-20 07:32:19,2012-03-20 08:56:27,Role 5,24,1.0393215111796454,0
42,Turning Rework,2012-03-20 07:38:39,2012-03-20 09:09:15,SYSTEM,24,1,0
35,Packing,2012-03-20 08:52:53,2012-03-20 10:05:54,Role 5,24,2.0393215111796454,0
24,Packing,2012-03-20 09:57:07,2012-03-20 11:22:26,Role 5,24,2.0393215111796454,0
14,Round  Q.C.,2012-03-20 10:31:55,2012-03-20 12:09:25,SYSTEM,24,1,0
27,Fix,2012-03-20 11:34:52,2012-03-20 12:56:15,SYSTEM,24,1,0
33,Flat Grinding,2012-03-20 11:20:29,2012-03-20 13:02:02,Role 4,24,1.0246723207401696,0
2,Flat Grinding,2012-03-20 12:51:11,2012-03-20 14:12:13,Role 4,23,2.02467232074017,0
1,Grinding Rework,2012-03-20 14:06:30,2012-03-20 15:32:40,Role 2,23,1.012336160370085,0
32,Round Grinding,2012-03-20 14:37:45,2012-03-20 16:00:54,Role 2,23,1.4379336931380107,0
43,Lapping,2012-03-20 15:27:11,2012-03-20 17:00:51,Role 4,23,1.123361603700848,0
19,Final Inspection Q.C.,2012-03-20 16:08:00,2012-03-20 17:23:23,Role 3,23,1.202775636083269,0
42,Lapping,2012-03-20 16:38:23,2012-03-20 18:03:47,Role 4,22,2.123361603700848,0
14,Packing,2012-03-20 18:41:48,2012-03-20 20:05:34,Role 5,21,1.0393215111796454,0
24,Fix,2012-03-20 18:49:15,2012-03-20 20:13:46,SYSTEM,21,1,0
27,Packing,2012-03-20 19:18:29,2012-03-20 20:37:43,Role 5,21,2.0393215111796454,0
33,Lapping,2012-03-20 20:19:41,2012-03-20 21:54:58,Role 4,21,1.123361603700848,0
2,Laser Marking,2012-03-20 21:43:35,2012-03-20 23:02:15,Role 4,21,1.0609097918272938,0
32,Turning & Milling Q.C.,2012-03-20 23:01:15,2012-03-21 00:15:03,Role 3,21,1.174248265227448,0
1,Final Inspection Q.C.,2012-03-20 23:22:00,2012-03-21 00:34:00,Role 3,21,1.202775636083269,0
19,Packing,2012-03-21 00:09:24,2012-03-21 01:29:32,Role 5,21,1.0393215111796454,0
43,Final Inspection Q.C.,2012-03-21 00:07:03,2012-03-21 01:36:07,Role 3,21,2.202775636083269,0
42,Final Inspection Q.C.,2012-03-21 01:00:50,2012-03-21 02:26:20,Role 3,21,2.202775636083269,0
27,Round  Q.C.,2012-03-21 02:44:06,2012-03-21 03:57:46,SYSTEM,20,1,0
24,Packing,2012-03-21 03:06:26,2012-03-21 04:26:45,Role 5,20,1.0393215111796454,0
33,Turning Rework,2012-03-21 04:46:23,2012-03-21 06:24:50,SYSTEM,20,1,0
2,Final Inspection Q.C.,2012-03-21 06:12:12,2012-03-21 07:29:55,Role 3,20,1.202775636083269,0
32,Nitration Q.C.,2012-03-21 07:14:47,2012-03-21 08:31:14,Role 3,20,1.0007710100231304,0
1,Packing,2012-03-21 08:02:47,2012-03-21 09:14:21,Role 5,20,1.0393215111796454,0
43,Round Grinding,2012-03-21 08:44:20,2012-03-21 10:13:56,Role 2,19,1.4379336931380107,0
42,Grinding Rework,2012-03-21 09:31:28,2012-03-21 10:54:55,Role 2,19,1.012336160370085,0
27,Packing,2012-03-21 09:42:43,2012-03-21 11:00:50,Role 5,19,1.0393215111796454,0
33,Lapping,2012-03-21 12:58:41,2012-03-21 14:35:03,Role 4,18,1.123361603700848,0
2,Packing,2012-03-21 14:06:23,2012-03-21 15:29:44,Role 5,18,1.0393215111796454,0
32,Laser Marking,2012-03-21 15:59:28,2012-03-21 17:08:09,Role 4,18,1.0609097918272938,0
1,Final Inspection Q.C.,2012-03-21 16:45:21,2012-03-21 17:54:15,Role 3,18,1.202775636083269,0
27,Round  Q.C.,2012-03-21 16:47:05,2012-03-21 18:06:53,SYSTEM,18,1,0
43,Final Inspection Q.C.,2012-03-21 17:36:29,2012-03-21 18:51:02,Role 3,18,2.202775636083269,0
42,Final Inspection Q.C.,2012-03-21 18:16:21,2012-03-21 19:27:09,Role 3,18,2.202775636083269,0
33,Laser Marking,2012-03-21 21:13:39,2012-03-21 22:42:51,Role 4,18,1.0609097918272938,0
2,Final Inspection Q.C.,2012-03-21 22:04:45,2012-03-21 23:26:38,Role 3,18,1.202775636083269,0
27,Packing,2012-03-22 00:32:54,2012-03-22 01:57:38,Role 5,18,1.0393215111796454,0
32,Round Grinding,2012-03-22 00:49:05,2012-03-22 02:13:05,Role 2,18,1.4379336931380107,0
1,Round Grinding,2012-03-22 01:34:39,2012-03-22 02:48:02,Role 2,18,2.4379336931380107,0
43,Packing,2012-03-22 02:25:15,2012-03-22 03:44:00,Role 5,18,1.0393215111796454,0
42,Packing,2012-03-22 03:14:54,2012-03-22 04:28:18,Role 5,18,2.0393215111796454,0
33,Lapping,2012-03-22 05:58:33,2012-03-22 07:26:45,Role 4,18,1.123361603700848,0
27,Final Inspection Q.C.,2012-03-22 07:20:10,2012-03-22 08:26:31,Role 3,17,1.202775636083269,0
32,Final Inspection Q.C.,2012-03-22 08:34:02,2012-03-22 10:01:48,Role 3,17,1.202775636083269,0
1,Packing,2012-03-22 08:42:26,2012-03-22 10:02:34,Role 5,17,1.0393215111796454,0
43,Fix,2012-03-22 09:46:27,2012-03-22 11:10:09,SYSTEM,17,1,0
42,Final Inspection Q.C.,2012-03-22 11:04:11,2012-03-22 12:12:04,Role 3,17,1.202775636083269,0
27,Packing,2012-03-22 12:16:24,2012-03-22 13:29:50,Role 5,17,1.0393215111796454,0
33,Turning Rework,2012-03-22 13:16:19,2012-03-22 14:36:40,SYSTEM,17,1,0
1,Round  Q.C.,2012-03-22 13:43:32,2012-03-22 15:09:56,SYSTEM,17,1,0
32,Round Grinding,2012-03-22 14:29:38,2012-03-22 16:06:33,Role 2,17,1.4379336931380107,0
43,Packing,2012-03-22 15:11:29,2012-03-22 16:30:29,Role 5,17,1.0393215111796454,0
27,Final Inspection Q.C.,2012-03-22 15:45:25,2012-03-22 16:58:39,Role 3,17,1.202775636083269,0
1,Packing,2012-03-22 16:53:21,2012-03-22 18:17:36,Role 5,17,1.0393215111796454,0
42,Grinding Rework,2012-03-22 17:10:58,2012-03-22 18:28:44,Role 2,17,1.012336160370085,0
43,Round  Q.C.,2012-03-22 18:23:52,2012-03-22 19:52:57,SYSTEM,17,1,0
32,Turning & Milling Q.C.,2012-03-22 18:32:38,2012-03-22 20:01:53,Role 3,17,1.174248265227448,0
33,Lapping,2012-03-22 18:36:22,2012-03-22 20:05:21,Role 4,17,1.123361603700848,0
27,Round Grinding,2012-03-22 18:46:02,2012-03-22 20:11:04,Role 2,17,1.4379336931380107,0
1,Final Inspection Q.C.,2012-03-22 19:17:54,2012-03-22 20:39:29,Role 3,17,1.202775636083269,0
43,Packing,2012-03-22 20:55:37,2012-03-22 22:16:42,Role 5,17,1.0393215111796454,0
42,Packing,2012-03-22 21:12:06,2012-03-22 22:37:19,Role 5,17,2.0393215111796454,0
32,Laser Marking,2012-03-22 21:46:04,2012-03-22 23:05:52,Role 4,17,1.0609097918272938,0
1,Packing,2012-03-22 22:16:42,2012-03-22 23:29:07,Role 5,17,2.0393215111796454,0
33,Turning Rework,2012-03-22 22:00:37,2012-03-22 23:32:01,SYSTEM,17,1,0
27,Final Inspection Q.C.,2012-03-22 22:28:37,2012-03-22 23:45:38,Role 3,17,1.202775636083269,0
43,Round  Q.C.,2012-03-22 23:48:34,2012-03-23 01:01:07,SYSTEM,17,1,0
42,Round  Q.C.,2012-03-23 00:24:29,2012-03-23 01:38:10,SYSTEM,17,2,0
33,Lapping,2012-03-23 00:51:55,2012-03-23 02:01:49,Role 4,17,1.123361603700848,0
32,Round Grinding,2012-03-23 01:04:02,2012-03-23 02:06:22,Role 2,17,1.4379336931380107,0
1,Round  Q.C.,2012-03-23 01:19:42,2012-03-23 02:13:14,SYSTEM,17,2,0
27,Round Grinding,2012-03-23 01:59:27,2012-03-23 03:01:39,Role 2,17,2.4379336931380107,0
43,Packing,2012-03-23 05:51:30,2012-03-23 06:49:24,Role 5,17,1.0393215111796454,0
42,Packing,2012-03-23 07:04:56,2012-03-23 07:41:06,Role 5,17,1.0393215111796454,0
33,Laser Marking,2012-03-23 07:15:52,2012-03-23 07:46:13,Role 4,17,1.0609097918272938,0
32,Lapping,2012-03-23 07:15:01,2012-03-23 07:57:49,Role 4,17,1.123361603700848,0
1,Packing,2012-03-23 07:19:16,2012-03-23 08:11:09,Role 5,17,2.0393215111796454,0
27,Turning & Milling Q.C.,2012-03-23 08:34:59,2012-03-23 09:10:49,Role 3,17,1.174248265227448,0
43,Final Inspection Q.C.,2012-03-23 15:11:16,2012-03-23 15:39:21,Role 3,17,1.202775636083269,0
33,Final Inspection Q.C.,2012-03-23 16:28:11,2012-03-23 17:00:05,Role 3,16,1.202775636083269,0
32,Round Grinding,2012-03-23 16:27:53,2012-03-23 17:12:15,Role 2,16,1.4379336931380107,0
1,Final Inspection Q.C.,2012-03-23 16:46:18,2012-03-23 17:35:43,Role 3,16,2.202775636083269,0
27,Nitration Q.C.,2012-03-23 18:21:30,2012-03-23 18:49:46,Role 3,16,1.0007710100231304,0
43,Packing,2012-03-24 02:27:15,2012-03-24 03:16:27,Role 5,16,1.0393215111796454,0
33,Packing,2012-03-24 03:57:35,2012-03-24 05:04:40,Role 5,16,1.0393215111796454,0
32,Lapping,2012-03-24 04:01:28,2012-03-24 05:43:12,Role 4,16,1.123361603700848,0
1,Grinding Rework,2012-03-24 04:40:34,2012-03-24 06:10:16,Role 2,16,1.012336160370085,0
27,Laser Marking,2012-03-24 06:25:32,2012-03-24 07:43:21,Role 4,16,1.0609097918272938,0
43,Round  Q.C.,2012-03-24 12:58:32,2012-03-24 14:34:59,SYSTEM,16,1,0
32,Final Inspection Q.C.,2012-03-24 15:53:48,2012-03-24 18:28:14,Role 3,15,1.202775636083269,0
1,Final Inspection Q.C.,2012-03-24 16:35:49,2012-03-24 18:51:25,Role 3,15,2.202775636083269,0
27,Final Inspection Q.C.,2012-03-24 18:20:32,2012-03-24 20:31:50,Role 3,15,3.202775636083269,0
43,Packing,2012-03-24 22:23:52,2012-03-25 01:25:45,Role 5,15,1.0393215111796454,0
32,Round Grinding,2012-03-25 02:46:27,2012-03-25 04:47:38,Role 2,15,1.4379336931380107,0
27,Grinding Rework,2012-03-25 05:31:33,2012-03-25 07:08:20,Role 2,14,1.012336160370085,0
32,Turning & Milling Q.C.,2012-03-25 11:36:42,2012-03-25 12:41:31,Role 3,13,1.174248265227448,0
27,Packing,2012-03-25 14:11:36,2012-03-25 15:16:20,Role 5,13,1.0393215111796454,0
32,Round Grinding,2012-03-25 18:24:26,2012-03-25 19:17:27,Role 2,13,1.4379336931380107,0
27,Final Inspection Q.C.,2012-03-25 20:59:30,2012-03-25 21:41:36,Role 3,13,1.202775636083269,0
32,Packing,2012-03-26 00:29:12,2012-03-26 01:43:10,Role 5,13,1.0393215111796454,0
27,Grinding Rework,2012-03-26 03:20:16,2012-03-26 04:14:42,Role 2,13,1.012336160370085,0
32,Fix,2012-03-26 06:13:48,2012-03-26 08:20:13,SYSTEM,13,1,0
27,Packing,2012-03-26 09:25:11,2012-03-26 10:56:01,Role 5,13,1.0393215111796454,0
32,Packing,2012-03-26 12:34:57,2012-03-26 14:10:14,Role 5,13,1.0393215111796454,0
32,Round  Q.C.,2012-03-26 18:27:46,2012-03-26 20:02:32,SYSTEM,12,1,0
32,Packing,2012-03-27 00:10:48,2012-03-27 01:36:36,Role 5,12,1.0393215111796454,0
32,Round  Q.C.,2012-03-27 05:24:02,2012-03-27 06:51:24,SYSTEM,12,1,0
32,Packing,2012-03-27 10:35:06,2012-03-27 12:00:23,Role 5,12,1.0393215111796454,0
32,Round  Q.C.,2012-03-27 15:32:45,2012-03-27 16:46:02,SYSTEM,12,1,0
32,Packing,2012-03-27 20:15:32,2012-03-27 21:07:37,Role 5,12,1.0393215111796454,0
32,Round  Q.C.,2012-03-28 00:30:26,2012-03-28 01:32:20,SYSTEM,12,1,0
32,Packing,2012-03-28 05:13:54,2012-03-28 06:38:35,Role 5,12,1.0393215111796454,0
32,Final Inspection Q.C.,2012-03-28 11:19:00,2012-03-28 12:43:51,Role 3,12,1.202775636083269,0
